 Year Mon       Okhotsk    Bering Sea    Hudson Bay    Baffin Bay     Greenland  Kara-Barents  Arctic Ocean     Can. Arch  St. Lawrence         Total
 2003   1        594625        278982       1109705        742267        501683       1629902       6873209        705190         50205      12485769
 2003   2        854368        417768       1189604        990097        463615       1643219       6966492        712170        145843      13383176
 2003   3        856930        435804       1180416       1041618        525829       1678417       7004610        718357        167187      13609168
 2003   4        481857        294906       1139417        939950        499517       1593963       6975807        714973         53116      12693505
 2003   5        101581         63184        957758        693333        504192       1426457       6721625        696857         31465      11196453
 2003   6         28448         19366        652407        358410        397962       1130546       6221194        619787          2961       9431083
 2003   7             0           750        141084         89475        224900        734723       4805034        466075             0       6462041
 2003   8             0             0         23904         27446         75882        439473       3902494        358699             0       4827898
 2003   9             0           380         12562         29782         80830        362374       3576968        306944             0       4369839
 2003  10         12129          3366         12500         47455        269741        536271       4981554        435447          1055       6299516
 2003  11         21990         15445         89825        283900        355715       1034825       6420081        655706         22230       8899717
 2003  12        172969        158381        706635        565543        509210       1329321       6922751        716099         26295      11107204
 2004   1        493010        260599       1150400        746141        557519       1572383       6970852        726873         45918      12523696
 2004   2        679625        436010       1172002        861345        602839       1583552       7018962        726202         89280      13169818
 2004   3        667183        462077       1160010        961829        586093       1538856       7018762        721663        101485      13217957
 2004   4        348682        344973       1077898        880783        471055       1514951       7028145        723279         39766      12429531
 2004   5         96291         88370       1019175        675436        438067       1251665       6915120        725645         24729      11234497
 2004   6         36506         18145        809885        461977        364666        914287       6321722        623032          3424       9553646
 2004   7             0           715        294029        182415        191472        378250       5278548        490533             0       6815963
 2004   8             0             0         45518         41867         69741        145523       4300019        380404             0       4983073
 2004   9             0           298         12978         30831         81464        103244       4113032        369457             0       4711303
 2004  10         11669          5422         19907         51323        213443        404592       5449795        556606           487       6713243
 2004  11         20234         18987        243542        373676        359846        965289       6585254        697105         22956       9286889
 2004  12        170873        152955       1005183        670528        444057       1113792       6968695        729497         28335      11283914
 2005   1        429513        246793       1175965        921118        458260       1169854       7016791        727613         54996      12200904
 2005   2        554465        419528       1153101        990699        516837       1121237       6991442        733791        120118      12601218
 2005   3        576781        427162       1149586        850671        589793       1467699       7048001        731914        109625      12951232
 2005   4        373070        440937       1026196        810148        546528       1506501       7028014        721875         40478      12493747
 2005   5        145345        134519        969552        690272        499374       1245721       6782964        700000         25854      11193602
 2005   6         49119         17617        574491        449185        437649        804937       6203767        584461          3542       9124768
 2005   7             0           807         97470        159995        242722        283783       4973334        452590             0       6210701
 2005   8             0             0         14629         24867        182114         65222       3933972        297099             0       4517903
 2005   9             0          1568         10319         25933        236981         31257       3812487        274056             0       4392601
 2005  10         13338          3832         10173         90491        387708        252393       4823463        511891           658       6093947
 2005  11         18717         55574        133238        351613        455829        821465       6584580        683515         24815       9129345
 2005  12         72700        307486        816895        547478        454644        946286       6976716        720439         26871      10869515
 2006   1        289712        566836       1143277        828879        446837        999194       6889786        732314         28377      11925211
 2006   2        506871        530672       1168392        941351        500678       1203001       6937370        725642         56725      12570702
 2006   3        526606        469774       1141420        843446        559483       1351632       7022730        727741         54439      12697270
 2006   4        371400        473701       1084978        820743        511047       1245830       7021702        720836         29646      12279883
 2006   5        118033        247296        923272        640693        445823        894471       6771098        692410         27566      10760662
 2006   6         37252         27784        451270        377004        405502        634299       6214123        576526          3448       8727208
 2006   7             0           926         64808        102766        248597        226792       5039957        414266             0       6098111
 2006   8             0             0         14392         26961        154199         80964       4110718        233751             0       4620984
 2006   9             0          1130          9472         26631        191207        102530       3817930        185942             0       4334841
 2006  10         12082          3544         11587         50378        353946        449804       4928468        305214          1004       6116025
 2006  11         18322         17729         50994        210003        420929        805530       6269458        640411         20033       8453408
 2006  12        155213        135173        699157        571828        461421        957404       6759082        711626         23315      10474219
 2007   1        463616        445371       1115891        795349        511750       1061393       7004765        719293         33085      12150511
 2007   2        767587        376144       1157150        870704        538229       1328925       6986206        718700         83047      12826693
 2007   3        635870        546585       1152215        952963        533329       1200718       6984880        722119         79521      12808202
 2007   4        353770        403617       1074122        960796        572700       1096331       6901519        717672         31701      12112226
 2007   5        118430        151762        954272        787159        538538       1042482       6761103        702510         25522      11081777
 2007   6         31574          8819        618542        440198        442727        738147       5696114        549928          3145       8529194
 2007   7             0           821        111103        115135        271229        286514       4243979        411556             0       5440338
 2007   8             0             0         28911         25319        211704        100642       2970726        168429             0       3505731
 2007   9             0          1503          9851         25530        258207         33943       2663100        150177             0       3142310
 2007  10         12293          3305         14382         69234        375965        114346       3679055        379236           623       4648438
 2007  11         17964         13032        191676        379079        452187        633013       5992567        688847         20314       8388680
 2007  12        103077         94046        959924        673058        519153        905269       6489518        716936         24054      10485034
 2008   1        390499        407137       1160283       1038351        570378        983003       6982692        723202         47863      12303408
 2008   2        673700        606694       1172780       1198566        576899       1095345       7044808        716383        121104      13206278
 2008   3        594056        724050       1184503       1244360        578517       1284195       7058211        722067        138009      13527969
 2008   4        370966        608635       1144979       1037143        616399       1234021       7007641        721379         44549      12785713
 2008   5        129810        248380       1030762        753189        575356       1113390       6730117        686722         25248      11292975
 2008   6         31595          8726        637936        408732        420878        777580       6071992        547845          2621       8907905
 2008   7             0           500        171980        122032        262769        343933       4766249        458339             0       6125802
 2008   8             0             0         33127         20144        159642        106185       3338215        211431             0       3868743
 2008   9             0           468          9087         27272        120405         44306       2961150        183394             0       3346082
 2008  10         15340          4424         16611         83932        281727        223031       4820653        393771           700       5840189
 2008  11         21606         44647        182716        429017        411991        741379       6589768        667165         19811       9108099
 2008  12         84589        210240        904119        706668        462662        987342       6914853        709187         25433      11005094
 2009   1        283250        521996       1142163        869271        545317       1167383       7004136        713358         67754      12314626
 2009   2        545937        635974       1186328       1058590        554932       1292337       7028287        727233        156457      13186075
 2009   3        576600        584123       1179717       1187922        586755       1365046       7069573        719974        131621      13401330
 2009   4        324573        643646       1145927       1052977        589558       1386838       7006625        722052         34382      12906577
 2009   5        155021        230565       1043890        780345        470347       1233075       6864359        710159         23128      11510889
 2009   6         38918         16908        806321        408250        369618        813260       6214852        618676          2245       9289048
 2009   7             0           394        222121        112275        247378        284870       4848098        457118             0       6172254
 2009   8             0             0         25582         21016        199715         92101       3584863        297411             0       4220687
 2009   9             0           443         10076         24754        195875         43667       3329635        230193             0       3834644
 2009  10         15814          3453         21096         70553        327790         74441       4325471        485380           759       5324759
 2009  11         22558         55282        150312        402877        411274        447160       6237003        688637         19040       8434144
 2009  12        126379        247399        711427        593591        420997        991383       6796444        703810         24970      10616400
 2010   1        352217        421977       1113819        732049        518034       1179720       6923316        715223         24895      11981249
 2010   2        596108        593570       1159228        817616        553461       1320673       7021648        727072         38990      12828366
 2010   3        744146        706024       1124324        925491        597232       1503197       7060503        723291         22686      13406893
 2010   4        563836        589139       1024700        878137        547019       1435285       7036558        708108         22757      12805541
 2010   5        187575        245777        910026        664154        471112        973966       6758876        676438         26560      10914483
 2010   6         46772         11439        474233        393782        378616        617466       5928626        560286          3074       8414294
 2010   7             0           500         79554        113234        241023        200671       4601768        407112             0       5643863
 2010   8             0             0         16467         22205        132619         38146       3568586        196588             0       3974611
 2010   9             0           347          9165         33933        166839         35642       3028862        161976             0       3436766
 2010  10         13659          3563         11574         68617        262115        155725       4665838        376455          1040       5558586
 2010  11         20741          9878         27670        223935        419334        737479       6394102        631227         17761       8482127
 2010  12         82560        107166        459978        431066        500222       1189906       6917923        712159         28622      10429602
 2011   1        292078        369124        900047        555648        546307       1352719       7006821        706996         24580      11754320
 2011   2        545954        482888       1132678        742720        505725       1453441       7011332        721680         37959      12634378
 2011   3        635417        436995       1146177        888735        565489       1286800       7005939        726041         39068      12730661
 2011   4        432548        409442       1117051        912917        559153       1257298       6966502        726616         23523      12405050
 2011   5        123192        121446        933361        681303        494861        970604       6724368        703829         24490      10777452
 2011   6         27566          6585        550287        422532        471065        515558       6035846        563200          2781       8595422
 2011   7             0           410        108120         78907        338810        156885       4387463        395993             0       5466588
 2011   8             0             0         24272         17469        200569         49158       3026049        139571             0       3457088
 2011   9             0           948         10419         22612        196318         30904       2920424        111906             0       3293532
 2011  10         16355          3687         14770        116148        299370         93016       4193441        351099          1123       5089008
 2011  11         26029         38971         88184        399865        388462        548754       6377273        684258         21828       8573626
 2011  12        184226        240161        723590        665171        462497        674621       6957833        723651         23901      10655652
 2012   1        425654        582895       1148734        934804        459903        931077       6970055        732363         30173      12215659
 2012   2        692238        694570       1160692       1047183        531979        815154       6922719        728586         73443      12666564
 2012   3        845648        822982       1149043       1205474        526581       1082572       6971596        729490         47168      13380555
 2012   4        512714        739453       1114242       1002599        587428       1112003       7034398        732693         27295      12862827
 2012   5        164066        363163        987507        751576        580116        816173       6681417        722538         24224      11090778
 2012   6         38569         42963        582889        365103        486184        324790       5784008        568501          2950       8195959
 2012   7             0           496        107066         68652        278072         82428       4228329        388143             0       5153187
 2012   8             0             0         24375         17737        165585         34101       2606312        141115             0       2989224
 2012   9             0           461          9848         21873        176218         30079       2176567         90382             0       2505429
 2012  10         19310          3892         12137         45127        329767         63189       3879604        307689          1126       4661841
 2012  11         21294         56024        136024        245017        412575        274165       6311821        651376         21833       8130129
 2012  12         88260        267155        846160        577777        458169        624651       6855446        730684         25619      10473920
